 2.14800E+00 -9.95605E+00
 2.44400E+00 -9.93846E+00
 2.74000E+00 -9.93810E+00
 3.03600E+00 -9.94206E+00
 3.33200E+00 -9.94021E+00
 3.62800E+00 -9.95894E+00
 3.92400E+00 -9.94693E+00
 4.22000E+00 -9.95243E+00
 4.51600E+00 -9.94702E+00
 4.81200E+00 -9.94371E+00
 5.10800E+00 -9.95624E+00
 5.40400E+00 -9.92993E+00
 5.70000E+00 -9.92987E+00
 5.99600E+00 -9.92465E+00
 6.29200E+00 -9.93254E+00
 6.58800E+00 -9.92565E+00
 6.88400E+00 -9.90742E+00
 7.18000E+00 -9.90984E+00
 7.47600E+00 -9.90005E+00
 7.77200E+00 -9.89412E+00
 8.06800E+00 -9.88169E+00
 8.36400E+00 -9.87533E+00
 8.66000E+00 -9.86362E+00
 8.95600E+00 -9.87467E+00
 9.25200E+00 -9.86697E+00
 9.54800E+00 -9.85633E+00
 9.84400E+00 -9.84871E+00
 1.01400E+01 -9.83520E+00
 1.04360E+01 -9.82960E+00
 1.07320E+01 -9.83217E+00
 1.10280E+01 -9.81315E+00
 1.13240E+01 -9.80462E+00
 1.16200E+01 -9.79830E+00
 1.19160E+01 -9.77570E+00
 1.22120E+01 -9.76700E+00
 1.25080E+01 -9.73019E+00
 1.28040E+01 -9.73526E+00
 1.31000E+01 -9.72722E+00
 1.33960E+01 -9.71274E+00
 1.36920E+01 -9.70297E+00
 1.39880E+01 -9.68753E+00
 1.42840E+01 -9.66013E+00
 1.45800E+01 -9.65503E+00
 1.48760E+01 -9.64320E+00
 1.51720E+01 -9.62886E+00
 1.54680E+01 -9.60773E+00
 1.57640E+01 -9.60072E+00
 1.60600E+01 -9.58222E+00
 1.63560E+01 -9.55568E+00
 1.66520E+01 -9.54119E+00
 1.69480E+01 -9.52787E+00
 1.72440E+01 -9.51193E+00
 1.75400E+01 -9.49851E+00
 1.78360E+01 -9.47767E+00
 1.81320E+01 -9.44638E+00
 1.84280E+01 -9.43370E+00
 1.87240E+01 -9.42511E+00
 1.90200E+01 -9.40216E+00
 1.93160E+01 -9.37732E+00
 1.96120E+01 -9.34359E+00
 1.99080E+01 -9.31935E+00
 2.02040E+01 -9.28707E+00
 2.05000E+01 -9.26733E+00
 2.07960E+01 -9.22900E+00
 2.10920E+01 -9.20605E+00
 2.13880E+01 -9.18714E+00
 2.16840E+01 -9.15786E+00
 2.19800E+01 -9.13687E+00
 2.22760E+01 -9.12496E+00
 2.25720E+01 -9.09421E+00
 2.28680E+01 -9.04808E+00
 2.31640E+01 -9.01046E+00
 2.34600E+01 -8.98003E+00
 2.37560E+01 -8.95056E+00
 2.40520E+01 -8.92225E+00
 2.43480E+01 -8.88656E+00
 2.46440E+01 -8.86919E+00
 2.49400E+01 -8.82171E+00
 2.52360E+01 -8.79381E+00
 2.55320E+01 -8.75788E+00
 2.58280E+01 -8.72479E+00
 2.61240E+01 -8.67194E+00
 2.64200E+01 -8.63581E+00
 2.67160E+01 -8.61068E+00
 2.70120E+01 -8.57594E+00
 2.73080E+01 -8.53608E+00
 2.76040E+01 -8.48369E+00
 2.79000E+01 -8.43326E+00
 2.81960E+01 -8.38657E+00
 2.84920E+01 -8.36190E+00
 2.87880E+01 -8.30626E+00
 2.90840E+01 -8.27613E+00
 2.93800E+01 -8.23060E+00
 2.96760E+01 -8.16556E+00
 2.99720E+01 -8.13140E+00
 3.02680E+01 -8.09800E+00
 3.05640E+01 -8.04807E+00
 3.08600E+01 -7.99690E+00
 3.11560E+01 -7.94356E+00
 3.14520E+01 -7.88586E+00
 3.17480E+01 -7.81849E+00
 3.20440E+01 -7.77024E+00
 3.23400E+01 -7.72329E+00
 3.26360E+01 -7.69156E+00
 3.29320E+01 -7.65432E+00
 3.32280E+01 -7.60096E+00
 3.35240E+01 -7.55240E+00
 3.38200E+01 -7.49150E+00
 3.41160E+01 -7.44448E+00
 3.44120E+01 -7.39512E+00
 3.47080E+01 -7.33632E+00
 3.50040E+01 -7.28566E+00
 3.53000E+01 -7.22746E+00
 3.55960E+01 -7.19899E+00
 3.58920E+01 -7.14595E+00
 3.61880E+01 -7.08965E+00
 3.64840E+01 -7.03586E+00
 3.67800E+01 -6.96419E+00
 3.70760E+01 -6.91494E+00
 3.73720E+01 -6.86979E+00
 3.76680E+01 -6.80875E+00
 3.79640E+01 -6.75370E+00
 3.82600E+01 -6.70035E+00
 3.85560E+01 -6.63228E+00
 3.88520E+01 -6.58890E+00
 3.91480E+01 -6.52900E+00
 3.94440E+01 -6.46777E+00
 3.97400E+01 -6.40972E+00
 4.00360E+01 -6.35983E+00
 4.03320E+01 -6.31011E+00
 4.06280E+01 -6.24335E+00
 4.09240E+01 -6.19084E+00
 4.12200E+01 -6.12419E+00
 4.15160E+01 -6.06868E+00
 4.18120E+01 -6.00482E+00
 4.21080E+01 -5.94400E+00
 4.24040E+01 -5.87922E+00
 4.27000E+01 -5.83927E+00
 4.29960E+01 -5.77516E+00
 4.32920E+01 -5.70988E+00
 4.35880E+01 -5.65002E+00
 4.38840E+01 -5.59448E+00
 4.41800E+01 -5.53596E+00
 4.44760E+01 -5.47696E+00
 4.47720E+01 -5.43217E+00
 4.50680E+01 -5.37759E+00
 4.53640E+01 -5.31242E+00
 4.56600E+01 -5.26836E+00
 4.59560E+01 -5.20530E+00
 4.62520E+01 -5.14597E+00
 4.65480E+01 -5.09792E+00
 4.68440E+01 -5.05173E+00
 4.71400E+01 -5.00094E+00
 4.74360E+01 -4.93297E+00
 4.77320E+01 -4.88983E+00
 4.80280E+01 -4.82122E+00
 4.83240E+01 -4.78666E+00
 4.86200E+01 -4.74039E+00
 4.89160E+01 -4.68512E+00
 4.92120E+01 -4.63236E+00
 4.95080E+01 -4.58625E+00
 4.98040E+01 -4.52674E+00
 5.01000E+01 -4.47589E+00
 5.03960E+01 -4.42411E+00
 5.06920E+01 -4.37837E+00
 5.09880E+01 -4.32732E+00
 5.12840E+01 -4.26034E+00
 5.15800E+01 -4.19278E+00
 5.18760E+01 -4.13959E+00
 5.21720E+01 -4.09274E+00
 5.24680E+01 -4.04133E+00
 5.27640E+01 -4.00821E+00
 5.30600E+01 -3.94755E+00
 5.33560E+01 -3.90511E+00
 5.36520E+01 -3.86978E+00
 5.39480E+01 -3.80713E+00
 5.42440E+01 -3.76217E+00
 5.45400E+01 -3.71915E+00
 5.48360E+01 -3.66879E+00
 5.51320E+01 -3.61488E+00
 5.54280E+01 -3.57816E+00
 5.57240E+01 -3.53785E+00
 5.60200E+01 -3.49849E+00
 5.63160E+01 -3.44224E+00
 5.66120E+01 -3.38625E+00
 5.69080E+01 -3.34863E+00
 5.72040E+01 -3.30080E+00
 5.75000E+01 -3.26429E+00
 5.77960E+01 -3.21629E+00
 5.80920E+01 -3.17416E+00
 5.83880E+01 -3.13674E+00
 5.86840E+01 -3.06675E+00
 5.89800E+01 -3.01908E+00
 5.92760E+01 -2.97641E+00
 5.95720E+01 -2.92204E+00
 5.98680E+01 -2.88219E+00
 6.01640E+01 -2.83302E+00
 6.04600E+01 -2.79186E+00
 6.07560E+01 -2.74681E+00
 6.10520E+01 -2.70978E+00
 6.13480E+01 -2.67934E+00
 6.16440E+01 -2.63205E+00
 6.19400E+01 -2.58771E+00
 6.22360E+01 -2.54146E+00
 6.25320E+01 -2.49403E+00
 6.28280E+01 -2.46108E+00
 6.31240E+01 -2.42014E+00
 6.34200E+01 -2.37258E+00
 6.37160E+01 -2.32264E+00
 6.40120E+01 -2.29053E+00
 6.43080E+01 -2.26838E+00
 6.46040E+01 -2.23249E+00
 6.49000E+01 -2.17985E+00
 6.51960E+01 -2.15112E+00
 6.54920E+01 -2.11383E+00
 6.57880E+01 -2.07803E+00
 6.60840E+01 -2.03566E+00
 6.63800E+01 -2.01311E+00
 6.66760E+01 -1.97851E+00
 6.69720E+01 -1.93710E+00
 6.72680E+01 -1.91174E+00
 6.75640E+01 -1.86039E+00
 6.78600E+01 -1.81175E+00
 6.81560E+01 -1.78213E+00
 6.84520E+01 -1.75094E+00
 6.87480E+01 -1.72799E+00
 6.90440E+01 -1.70048E+00
 6.93400E+01 -1.66495E+00
 6.96360E+01 -1.63938E+00
 6.99320E+01 -1.60298E+00
 7.02280E+01 -1.56273E+00
 7.05240E+01 -1.52504E+00
 7.08200E+01 -1.49608E+00
 7.11160E+01 -1.44714E+00
 7.14120E+01 -1.41117E+00
 7.17080E+01 -1.38981E+00
 7.20040E+01 -1.34349E+00
 7.23000E+01 -1.33159E+00
 7.25960E+01 -1.30530E+00
 7.28920E+01 -1.27521E+00
 7.31880E+01 -1.24527E+00
 7.34840E+01 -1.22419E+00
 7.37800E+01 -1.21636E+00
 7.40760E+01 -1.17859E+00
 7.43720E+01 -1.15278E+00
 7.46680E+01 -1.13042E+00
 7.49640E+01 -1.09944E+00
 7.52600E+01 -1.08049E+00
 7.55560E+01 -1.05138E+00
 7.58520E+01 -1.02463E+00
 7.61480E+01 -1.00707E+00
 7.64440E+01 -9.89189E-01
 7.67400E+01 -9.50812E-01
 7.70360E+01 -9.32267E-01
 7.73320E+01 -9.00103E-01
 7.76280E+01 -8.88409E-01
 7.79240E+01 -8.50996E-01
 7.82200E+01 -8.28113E-01
 7.85160E+01 -8.18048E-01
 7.88120E+01 -7.92612E-01
 7.91080E+01 -7.72894E-01
 7.94040E+01 -7.64474E-01
 7.97000E+01 -7.42830E-01
 7.99960E+01 -7.11133E-01
 8.02920E+01 -7.02753E-01
 8.05880E+01 -6.82967E-01
 8.08840E+01 -6.73257E-01
 8.11800E+01 -6.63451E-01
 8.14760E+01 -6.47640E-01
 8.17720E+01 -6.30612E-01
 8.20680E+01 -6.24647E-01
 8.23640E+01 -6.07145E-01
 8.26600E+01 -5.91475E-01
 8.29560E+01 -5.73847E-01
 8.32520E+01 -5.30631E-01
 8.35480E+01 -5.10035E-01
 8.38440E+01 -4.84470E-01
 8.41400E+01 -4.69115E-01
 8.44360E+01 -4.79260E-01
 8.47320E+01 -4.65674E-01
 8.50280E+01 -4.59057E-01
 8.53240E+01 -4.41939E-01
 8.56200E+01 -4.32718E-01
 8.59160E+01 -4.19225E-01
 8.62120E+01 -4.05419E-01
 8.65080E+01 -4.00320E-01
 8.68040E+01 -3.93528E-01
 8.71000E+01 -3.75702E-01
 8.73960E+01 -3.53131E-01
 8.76920E+01 -3.38846E-01
 8.79880E+01 -3.16145E-01
 8.82840E+01 -3.12669E-01
 8.85800E+01 -3.22398E-01
 8.88760E+01 -3.16970E-01
 8.91720E+01 -3.02606E-01
 8.94680E+01 -2.84885E-01
 8.97640E+01 -2.67866E-01
 9.00600E+01 -2.64800E-01
 9.03560E+01 -2.60386E-01
 9.06520E+01 -2.55164E-01
 9.09480E+01 -2.48494E-01
 9.12440E+01 -2.41954E-01
 9.15400E+01 -2.34955E-01
 9.18360E+01 -2.28247E-01
 9.21320E+01 -2.18319E-01
 9.24280E+01 -2.11120E-01
 9.27240E+01 -2.05961E-01
 9.30200E+01 -1.94131E-01
 9.33160E+01 -1.87240E-01
 9.36120E+01 -1.81928E-01
 9.39080E+01 -1.71903E-01
 9.42040E+01 -1.62167E-01
 9.45000E+01 -1.50968E-01
 9.47960E+01 -1.47326E-01
 9.50920E+01 -1.39742E-01
 9.53880E+01 -1.36084E-01
 9.56840E+01 -1.33343E-01
 9.59800E+01 -1.32958E-01
 9.62760E+01 -1.26388E-01
 9.65720E+01 -1.26155E-01
 9.68680E+01 -1.10586E-01
 9.71640E+01 -1.17643E-01
 9.74600E+01 -1.03854E-01
 9.77560E+01 -9.51101E-02
 9.80520E+01 -1.06950E-01
 9.83480E+01 -1.00274E-01
 9.86440E+01 -9.87919E-02
 9.89400E+01 -9.06130E-02
 9.92360E+01 -7.98372E-02
 9.95320E+01 -8.03244E-02
 9.98280E+01 -7.78543E-02
 1.00124E+02 -7.89765E-02
 1.00420E+02 -6.92009E-02
 1.00716E+02 -7.08771E-02
 1.01012E+02 -5.22551E-02
 1.01308E+02 -4.83444E-02
 1.01604E+02 -6.40049E-02
 1.01900E+02 -6.88364E-02
 1.02196E+02 -5.53685E-02
 1.02492E+02 -4.67611E-02
 1.02788E+02 -4.79139E-02
 1.03084E+02 -3.84467E-02
 1.03380E+02 -3.31692E-02
 1.03676E+02 -4.05313E-02
 1.03972E+02 -6.18527E-02
 1.04268E+02 -4.40932E-02
 1.04564E+02 -2.81926E-02
 1.04860E+02 -2.60706E-02
 1.05156E+02 -1.57870E-02
 1.05452E+02 -1.04916E-02
 1.05748E+02 -1.43843E-02
 1.06044E+02 -1.87547E-02
 1.06340E+02 -1.09327E-02
 1.06636E+02 -1.86680E-02
 1.06932E+02 -2.61052E-03
 1.07228E+02 -7.34998E-03
 1.07524E+02 -2.50618E-03
 1.07820E+02 -1.10189E-02
 1.08116E+02 -1.31080E-02
 1.08412E+02 -6.64328E-03
 1.08708E+02 -2.99448E-03
 1.09004E+02 -6.55143E-03
 1.09300E+02  9.52607E-03
 1.09596E+02 -2.40181E-03
 1.09892E+02 -9.50487E-03
 1.10188E+02 -6.63291E-03
 1.10484E+02  1.53425E-03
 1.10780E+02  4.63679E-03
 1.11076E+02  1.07249E-02
 1.11372E+02  1.22788E-02
 1.11668E+02  1.41686E-02
 1.11964E+02  4.01450E-03
 1.12260E+02  2.84672E-03
 1.12556E+02  9.86541E-03
 1.12852E+02  1.10107E-02
 1.13148E+02  2.41429E-02
 1.13444E+02  2.12121E-02
 1.13740E+02  1.98284E-02
 1.14036E+02  4.38205E-03
 1.14332E+02  1.22132E-02
 1.14628E+02  1.99521E-02
 1.14924E+02  2.89388E-02
 1.15220E+02  2.35735E-02
 1.15516E+02  2.82664E-02
 1.15812E+02  1.95376E-02
 1.16108E+02  1.00573E-02
 1.16404E+02  1.90857E-02
 1.16700E+02  2.12928E-02
 1.16996E+02  2.38790E-02
 1.17292E+02  3.26743E-02
 1.17588E+02  2.70489E-02
 1.17884E+02  2.80829E-02
 1.18180E+02  1.43265E-02
 1.18476E+02  2.12099E-02
 1.18772E+02  3.19432E-02
 1.19068E+02  2.98865E-02
 1.19364E+02  3.46000E-02
 1.19660E+02  2.70838E-02
 1.19956E+02  1.45382E-02
 1.20252E+02  1.97032E-02
 1.20548E+02  2.59289E-02
 1.20844E+02  3.11256E-02
 1.21140E+02  3.88934E-02
 1.21436E+02  3.29523E-02
 1.21732E+02  3.72527E-02
 1.22028E+02  2.41845E-02
 1.22324E+02  2.81479E-02
 1.22620E+02  3.10031E-02
 1.22916E+02  3.86201E-02
 1.23212E+02  3.41093E-02
 1.23508E+02  3.36306E-02
 1.23804E+02  2.53641E-02
 1.24100E+02  1.80902E-02
 1.24396E+02  2.40988E-02
 1.24692E+02  3.46200E-02
 1.24988E+02  3.45141E-02
 1.25284E+02  3.59212E-02
 1.25580E+02  3.23313E-02
 1.25876E+02  2.22147E-02
 1.26172E+02  2.17414E-02
 1.26468E+02  2.66115E-02
 1.26764E+02  3.45353E-02
 1.27060E+02  3.74627E-02
 1.27356E+02  3.30939E-02
 1.27652E+02  2.97392E-02
 1.27948E+02  2.33084E-02
 1.28244E+02  1.95719E-02
 1.28540E+02  3.30497E-02
 1.28836E+02  2.72019E-02
 1.29132E+02  4.07486E-02
 1.29428E+02  3.29901E-02
 1.29724E+02  2.21062E-02
 1.30020E+02  1.63673E-02
 1.30316E+02  1.91134E-02
 1.30612E+02  3.10946E-02
 1.30908E+02  3.45211E-02
 1.31204E+02  3.19729E-02
 1.31500E+02  3.23201E-02
 1.31796E+02  1.55729E-02
 1.32092E+02  8.80139E-03
 1.32388E+02  2.20157E-02
 1.32684E+02  3.63158E-02
 1.32980E+02  3.06220E-02
 1.33276E+02  3.03542E-02
 1.33572E+02  2.63027E-02
 1.33868E+02  1.33875E-02
 1.34164E+02  1.21887E-02
 1.34460E+02  2.51265E-02
 1.34756E+02  3.17909E-02
 1.35052E+02  3.12220E-02
 1.35348E+02  2.42999E-02
 1.35644E+02  2.01348E-02
 1.35940E+02  9.44671E-03
 1.36236E+02  9.43576E-03
 1.36532E+02  2.17020E-02
 1.36828E+02  2.44457E-02
 1.37124E+02  2.48667E-02
 1.37420E+02  2.30653E-02
 1.37716E+02  1.48415E-02
 1.38012E+02  7.29543E-03
 1.38308E+02  1.22272E-02
 1.38604E+02  2.24368E-02
 1.38900E+02  2.04245E-02
 1.39196E+02  2.17903E-02
 1.39492E+02  1.40342E-02
 1.39788E+02  1.04565E-02
 1.40084E+02 -1.34292E-03
 1.40380E+02  1.10362E-02
 1.40676E+02  2.01938E-02
 1.40972E+02  1.74301E-02
 1.41268E+02  1.86452E-02
 1.41564E+02  9.53901E-03
 1.41860E+02  8.91180E-03
 1.42156E+02 -1.23642E-03
 1.42452E+02  1.00945E-02
 1.42748E+02  1.69045E-02
 1.43044E+02  1.63938E-02
 1.43340E+02  1.49625E-02
 1.43636E+02  6.41061E-03
 1.43932E+02  5.03824E-03
 1.44228E+02 -1.54534E-04
 1.44524E+02  1.23324E-02
 1.44820E+02  1.33991E-02
 1.45116E+02  1.63456E-02
 1.45412E+02  1.77210E-03
 1.45708E+02  3.77860E-03
 1.46004E+02  1.06520E-03
 1.46300E+02 -3.06803E-03
 1.46596E+02  1.17790E-02
 1.46892E+02  2.30638E-03
 1.47188E+02  7.01417E-03
 1.47484E+02 -1.79754E-03
 1.47780E+02  3.67133E-03
 1.48076E+02 -6.27915E-03
 1.48372E+02 -2.84891E-03
 1.48668E+02  7.56215E-03
 1.48964E+02 -2.64591E-03
 1.49260E+02  2.72698E-03
 1.49556E+02 -4.61908E-03
 1.49852E+02 -2.78404E-03